network
Node 0 [0, 0, 0, 0, 3, 3, 0, 16, 0, 0, 0, 345, 0, 31088, 0]
Node 1 [1, 0, 0, 0, 3, 3, 9, 16, 31, 0, 0, 0, 442, 31088, 101110]
Node 2 [0, 0, 0, 0, 3, 0, 9, 16, 0, 0, 249, 0, 442, 31088, 0]
Node 3 [0, 0, 0, 2, 3, 0, 9, 16, 31, 140, 249, 345, 442, 31088, 101110]
Node 4 [1, 0, 1, 2, 3, 0, 0, 16, 31, 0, 0, 0, 0, 31088, 101110]
Node 5 [0, 0, 0, 0, 0, 0, 0, 16, 31, 0, 0, 0, 442, 0, 101110]
Node 6 [1, 0, 0, 0, 0, 0, 0, 16, 31, 140, 0, 0, 0, 31088, 0]
Node 7 [1, 0, 0, 2, 0, 0, 9, 16, 0, 0, 0, 0, 442, 31088, 101110]
Node 8 [1, 0, 0, 2, 3, 0, 9, 0, 31, 140, 249, 0, 0, 31088, 0]
Node 9 [1, 1, 1, 0, 0, 0, 0, 16, 0, 0, 249, 0, 442, 31088, 0]
Node 10 [1, 0, 1, 0, 0, 0, 0, 0, 31, 140, 0, 345, 0, 31088, 101110]
Node 11 [1, 0, 0, 0, 3, 3, 0, 16, 31, 0, 0, 345, 442, 0, 0]
Node 12 [0, 0, 0, 2, 3, 3, 0, 0, 31, 0, 249, 0, 442, 0, 101110]
Node 13 [1, 0, 1, 0, 0, 0, 0, 0, 31, 0, 249, 0, 0, 0, 101110]
Node 14 [0, 1, 1, 2, 0, 0, 9, 0, 0, 0, 0, 0, 0, 31088, 101110]
Node 15 [0, 0, 0, 2, 3, 0, 0, 16, 0, 0, 249, 0, 442, 31088, 101110]
Node 16 [1, 0, 0, 0, 3, 0, 0, 16, 0, 140, 249, 0, 0, 31088, 0]
Node 17 [0, 0, 0, 0, 0, 3, 9, 0, 0, 140, 0, 345, 0, 31088, 101110]
Node 18 [1, 0, 0, 2, 0, 0, 9, 16, 31, 0, 249, 0, 442, 31088, 0]
Node 19 [0, 0, 0, 2, 3, 3, 9, 16, 0, 140, 249, 345, 442, 0, 0]
Node 20 [1, 1, 0, 0, 3, 0, 0, 16, 0, 140, 249, 345, 0, 31088, 101110]
Node 21 [0, 0, 0, 0, 0, 0, 0, 0, 0, 140, 0, 345, 442, 0, 101110]
Node 22 [1, 1, 0, 0, 3, 3, 0, 16, 0, 0, 249, 345, 0, 31088, 0]
Node 23 [0, 0, 0, 0, 3, 3, 0, 16, 0, 140, 0, 0, 0, 31088, 0]
Node 24 [1, 0, 1, 0, 3, 0, 0, 0, 0, 140, 249, 345, 0, 31088, 0]
Node 25 [0, 0, 0, 2, 0, 3, 9, 0, 0, 0, 0, 345, 442, 0, 0]
Node 26 [0, 0, 1, 0, 0, 0, 0, 16, 31, 140, 249, 0, 442, 31088, 101110]
Node 27 [0, 1, 1, 2, 3, 3, 9, 16, 31, 140, 0, 0, 0, 31088, 0]
Node 28 [1, 0, 0, 2, 0, 0, 9, 0, 0, 140, 0, 0, 442, 0, 0]
Node 29 [1, 0, 0, 2, 0, 0, 9, 16, 31, 0, 0, 0, 0, 0, 0]
Node 30 [1, 0, 0, 0, 3, 3, 9, 0, 31, 140, 0, 345, 442, 0, 0]
Node 31 [0, 1, 1, 2, 0, 3, 0, 0, 31, 0, 0, 0, 442, 31088, 0]
Node 32 [1, 0, 0, 0, 3, 3, 0, 16, 31, 0, 249, 0, 442, 0, 0]
Node 33 [0, 1, 0, 0, 0, 0, 9, 16, 0, 0, 249, 345, 0, 31088, 101110]
Node 34 [1, 0, 0, 2, 3, 3, 9, 0, 0, 140, 249, 345, 442, 31088, 101110]
Node 35 [0, 0, 1, 0, 3, 0, 0, 0, 31, 140, 0, 0, 442, 0, 0]
Node 36 [1, 0, 0, 0, 0, 0, 0, 16, 31, 140, 249, 345, 0, 0, 101110]
Node 37 [0, 1, 1, 0, 0, 3, 9, 16, 0, 140, 0, 0, 442, 31088, 101110]
Node 38 [1, 0, 1, 0, 0, 0, 0, 16, 31, 140, 249, 0, 0, 0, 101110]
Node 39 [1, 1, 0, 2, 0, 0, 0, 16, 0, 0, 249, 345, 442, 0, 101110]
Node 40 [0, 1, 1, 0, 3, 0, 0, 0, 31, 0, 249, 345, 442, 31088, 101110]
Node 41 [0, 0, 1, 2, 3, 3, 9, 16, 0, 0, 249, 345, 0, 31088, 101110]
Node 42 [1, 0, 0, 0, 0, 3, 9, 0, 31, 140, 249, 345, 442, 31088, 0]
Node 43 [0, 1, 0, 0, 0, 0, 9, 16, 31, 140, 0, 345, 0, 0, 0]
Node 44 [0, 0, 0, 2, 3, 3, 0, 16, 31, 140, 249, 345, 0, 0, 0]
Node 45 [0, 0, 0, 2, 3, 0, 9, 0, 0, 0, 249, 345, 0, 0, 0]
Node 46 [0, 0, 1, 0, 3, 0, 9, 16, 0, 0, 249, 345, 442, 31088, 101110]
Node 47 [1, 1, 1, 2, 3, 3, 9, 16, 31, 0, 0, 345, 442, 31088, 101110]
Node 48 [0, 1, 1, 2, 0, 3, 9, 16, 0, 0, 0, 345, 442, 31088, 0]
Node 49 [0, 0, 1, 2, 0, 0, 0, 0, 31, 0, 0, 345, 0, 0, 101110]

queries
AND(O, L, A)
AND(D, C, M)
AND(L, C, E, M)
SEQ(E, I, N)
AND(M, SEQ(B, G, H, I))

muse graph
SELECT SEQ(A, B, C, D, E) FROM AND(B, SEQ(A, E, F)); I ON {1, 2, 4, 6, 7, 8, 9}/n(I)

selectivities
{'JO': 0.01409147314285314, 'OJ': 0.01409147314285314, 'AM': 0.08525835991915456, 'MA': 0.08525835991915456, 'GB': 0.025985190146159742, 'BG': 0.025985190146159742, 'DI': 0.09125076868344477, 'ID': 0.09125076868344477, 'IE': 0.03729702581975847, 'EI': 0.03729702581975847, 'DN': 0.04553380371103317, 'ND': 0.04553380371103317, 'GA': 1, 'AG': 1, 'LO': 0.09773206631883402, 'OL': 0.09773206631883402, 'GC': 0.01781653570411476, 'CG': 0.01781653570411476, 'GD': 0.07523049718688224, 'DG': 0.07523049718688224, 'DC': 1, 'CD': 1, 'NO': 1, 'ON': 1, 'IF': 1, 'FI': 1, 'LF': 1, 'FL': 1, 'HJ': 0.07513593230283072, 'JH': 0.07513593230283072, 'LM': 0.049381067859558904, 'ML': 0.049381067859558904, 'DJ': 0.039880310564650114, 'JD': 0.039880310564650114, 'CM': 1, 'MC': 1, 'BM': 0.07052330870506794, 'MB': 0.07052330870506794, 'LC': 1, 'CL': 1, 'AB': 0.03654239202527086, 'BA': 0.03654239202527086, 'EJ': 0.08117671517756993, 'JE': 0.08117671517756993, 'LI': 0.08147693287357376, 'IL': 0.08147693287357376, 'EC': 0.02355855606605868, 'CE': 0.02355855606605868, 'EF': 0.09262849470461973, 'FE': 0.09262849470461973, 'KJ': 1, 'JK': 1, 'GI': 1, 'IG': 1, 'IN': 1, 'NI': 1, 'NA': 0.01827840996748284, 'AN': 0.01827840996748284, 'CF': 0.08395390454177487, 'FC': 0.08395390454177487, 'IO': 1, 'OI': 1, 'FJ': 0.026940423689455817, 'JF': 0.026940423689455817, 'AH': 1, 'HA': 1, 'CH': 0.0516373579569133, 'HC': 0.0516373579569133, 'IJ': 0.09394231142000754, 'JI': 0.09394231142000754, 'GL': 0.03942196707028963, 'LG': 0.03942196707028963, 'LH': 0.031511772818695494, 'HL': 0.031511772818695494, 'NM': 0.09121171997228644, 'MN': 0.09121171997228644, 'EA': 0.018556317202383238, 'AE': 0.018556317202383238, 'KB': 1, 'BK': 1, 'LD': 1, 'DL': 1, 'GO': 0.05460241091072046, 'OG': 0.05460241091072046, 'DB': 0.06512340322356705, 'BD': 0.06512340322356705, 'EB': 1, 'BE': 1, 'IA': 0.07664008723446716, 'AI': 0.07664008723446716, 'CJ': 0.07466887357109034, 'JC': 0.07466887357109034, 'HB': 1, 'BH': 1, 'GK': 0.01158227298926058, 'KG': 0.01158227298926058, 'NF': 1, 'FN': 1, 'KC': 0.06591702351078857, 'CK': 0.06591702351078857, 'NE': 1, 'EN': 1, 'NH': 0.07744822990837254, 'HN': 0.07744822990837254, 'IK': 0.05332483152326568, 'KI': 0.05332483152326568, 'DF': 1, 'FD': 1, 'AO': 0.06451676722087582, 'OA': 0.06451676722087582, 'DM': 0.07998027776387236, 'MD': 0.07998027776387236, 'AJ': 0.07238313913330825, 'JA': 0.07238313913330825, 'GN': 1, 'NG': 1, 'GJ': 0.09664967753409649, 'JG': 0.09664967753409649, 'MO': 0.09229231644760513, 'OM': 0.09229231644760513, 'CO': 0.07745640378785408, 'OC': 0.07745640378785408, 'KF': 1, 'FK': 1, 'DO': 1, 'OD': 1, 'EO': 1, 'OE': 1, 'GF': 0.09148643140243062, 'FG': 0.09148643140243062, 'AC': 0.013679188876527831, 'CA': 0.013679188876527831, 'KH': 1, 'HK': 1, 'IB': 0.04561395839978168, 'BI': 0.04561395839978168, 'GM': 0.016380687722251513, 'MG': 0.016380687722251513, 'CB': 0.09163402224840363, 'BC': 0.09163402224840363, 'GH': 0.07496787526272394, 'HG': 0.07496787526272394, 'NB': 0.034806836529027635, 'BN': 0.034806836529027635, 'KA': 0.024662574965523626, 'AK': 0.024662574965523626, 'KO': 1, 'OK': 1, 'EH': 0.026576921455893854, 'HE': 0.026576921455893854, 'NC': 1, 'CN': 1, 'DH': 0.027478064832054158, 'HD': 0.027478064832054158, 'FB': 0.07002526903295389, 'BF': 0.07002526903295389, 'FM': 1, 'MF': 1, 'IC': 0.08476414714140942, 'CI': 0.08476414714140942, 'KM': 1, 'MK': 1, 'LN': 0.09346383242433248, 'NL': 0.09346383242433248, 'IM': 0.0187171265368635, 'MI': 0.0187171265368635, 'HO': 1, 'OH': 1, 'FO': 0.06592519162525992, 'OF': 0.06592519162525992, 'GE': 0.06436794713195654, 'EG': 0.06436794713195654, 'LK': 0.06402715929761912, 'KL': 0.06402715929761912, 'MJ': 1, 'JM': 1, 'LA': 1, 'AL': 1, 'LB': 0.0876898696378569, 'BL': 0.0876898696378569, 'NJ': 0.08596995619459091, 'JN': 0.08596995619459091, 'KN': 0.02962141096432451, 'NK': 0.02962141096432451, 'FH': 1, 'HF': 1, 'HM': 0.03990460010664327, 'MH': 0.03990460010664327, 'DK': 1, 'KD': 1, 'KE': 1, 'EK': 1, 'BJ': 0.09086726964170964, 'JB': 0.09086726964170964, 'AF': 0.07990067929925604, 'FA': 0.07990067929925604, 'DE': 1, 'ED': 1, 'LJ': 0.013925816631200558, 'JL': 0.013925816631200558, 'DA': 0.047270698583974084, 'AD': 0.047270698583974084, 'EM': 0.014688942421332549, 'ME': 0.014688942421332549, 'LE': 0.06318636768345892, 'EL': 0.06318636768345892, 'BO': 0.09724078810864654, 'OB': 0.09724078810864654, 'IH': 1, 'HI': 1}