network
Node 0 [0, 1, 0, 0, 0, 0, 3, 4, 0, 5, 0, 41, 0, 45, 165]
Node 1 [0, 1, 0, 0, 0, 0, 3, 4, 4, 5, 0, 0, 41, 45, 165]
Node 2 [1, 0, 1, 1, 1, 3, 0, 0, 0, 0, 7, 0, 41, 45, 0]
Node 3 [1, 1, 1, 1, 1, 3, 0, 0, 4, 0, 7, 0, 0, 45, 0]
Node 4 [0, 1, 0, 0, 1, 0, 0, 0, 0, 5, 0, 0, 41, 45, 0]
Node 5 [0, 1, 0, 1, 1, 3, 0, 4, 4, 0, 0, 41, 0, 0, 165]
Node 6 [0, 0, 1, 1, 0, 3, 3, 0, 0, 5, 0, 41, 0, 0, 0]
Node 7 [1, 0, 1, 1, 0, 0, 0, 0, 4, 5, 7, 41, 0, 0, 0]
Node 8 [1, 1, 0, 1, 1, 0, 0, 4, 0, 0, 7, 41, 41, 0, 165]
Node 9 [0, 0, 1, 0, 0, 3, 3, 4, 0, 0, 0, 0, 41, 0, 165]
Node 10 [0, 0, 0, 1, 1, 0, 3, 4, 4, 5, 0, 0, 41, 0, 0]
Node 11 [0, 0, 0, 0, 1, 0, 3, 0, 0, 0, 0, 0, 0, 45, 0]
Node 12 [0, 1, 1, 0, 0, 3, 3, 0, 4, 5, 7, 0, 0, 45, 0]
Node 13 [0, 0, 1, 0, 1, 0, 3, 0, 0, 0, 7, 41, 41, 0, 0]
Node 14 [1, 1, 1, 0, 1, 0, 3, 4, 4, 5, 0, 41, 0, 0, 0]
Node 15 [0, 1, 1, 1, 1, 0, 0, 0, 4, 5, 7, 41, 0, 0, 0]
Node 16 [0, 1, 0, 0, 1, 3, 0, 0, 0, 0, 0, 0, 41, 45, 0]
Node 17 [1, 1, 1, 0, 0, 0, 0, 0, 0, 0, 7, 0, 41, 45, 0]
Node 18 [1, 1, 1, 1, 1, 0, 0, 4, 4, 0, 7, 41, 0, 45, 165]
Node 19 [0, 0, 0, 0, 0, 3, 3, 4, 0, 5, 0, 0, 0, 45, 0]
Node 20 [1, 0, 0, 1, 1, 3, 3, 4, 4, 5, 7, 41, 0, 45, 0]
Node 21 [0, 0, 1, 1, 1, 0, 0, 4, 4, 5, 7, 41, 41, 45, 165]
Node 22 [1, 0, 0, 0, 1, 3, 3, 4, 0, 0, 0, 0, 41, 45, 0]
Node 23 [1, 1, 0, 1, 0, 0, 0, 0, 0, 0, 0, 0, 41, 45, 0]
Node 24 [1, 1, 1, 0, 0, 0, 3, 0, 4, 5, 7, 0, 0, 0, 165]
Node 25 [0, 1, 1, 1, 1, 0, 3, 0, 0, 0, 7, 0, 41, 0, 165]
Node 26 [1, 1, 0, 1, 1, 0, 0, 4, 0, 0, 7, 0, 0, 0, 165]
Node 27 [1, 1, 0, 0, 1, 0, 3, 4, 0, 5, 7, 41, 41, 0, 165]
Node 28 [1, 0, 1, 1, 0, 0, 0, 4, 4, 5, 7, 0, 0, 45, 165]
Node 29 [1, 1, 0, 1, 1, 0, 3, 4, 4, 5, 7, 41, 41, 0, 0]
Node 30 [0, 1, 0, 1, 0, 0, 3, 4, 0, 0, 0, 0, 0, 0, 165]
Node 31 [0, 1, 0, 1, 0, 0, 0, 4, 0, 0, 7, 41, 41, 0, 165]
Node 32 [0, 1, 0, 0, 0, 3, 0, 4, 0, 0, 0, 41, 41, 45, 0]
Node 33 [1, 1, 0, 0, 0, 0, 3, 0, 0, 5, 0, 41, 0, 45, 165]
Node 34 [0, 0, 0, 0, 1, 3, 0, 4, 0, 5, 7, 0, 41, 45, 0]
Node 35 [1, 0, 0, 1, 1, 3, 3, 0, 0, 0, 0, 41, 41, 45, 165]
Node 36 [1, 0, 1, 1, 0, 0, 0, 0, 0, 0, 7, 0, 0, 0, 0]
Node 37 [0, 1, 0, 0, 0, 0, 0, 0, 0, 5, 7, 0, 0, 0, 0]
Node 38 [0, 0, 1, 1, 1, 0, 0, 4, 0, 0, 7, 0, 41, 45, 165]
Node 39 [1, 1, 0, 1, 0, 0, 0, 4, 4, 5, 7, 0, 41, 0, 0]
Node 40 [1, 0, 1, 0, 0, 0, 0, 0, 0, 0, 0, 41, 41, 0, 0]
Node 41 [1, 1, 1, 0, 0, 0, 3, 0, 4, 0, 7, 0, 41, 45, 0]
Node 42 [0, 1, 0, 0, 1, 3, 0, 0, 0, 0, 7, 0, 41, 0, 0]
Node 43 [1, 1, 0, 0, 0, 3, 0, 0, 4, 5, 7, 41, 41, 45, 165]
Node 44 [0, 1, 0, 0, 0, 0, 0, 4, 0, 5, 7, 0, 0, 45, 0]
Node 45 [0, 0, 0, 1, 1, 3, 3, 4, 4, 5, 7, 0, 41, 0, 0]
Node 46 [0, 0, 0, 0, 1, 0, 0, 0, 4, 5, 7, 41, 0, 0, 165]
Node 47 [0, 1, 0, 0, 0, 3, 3, 0, 4, 5, 7, 0, 41, 0, 165]
Node 48 [1, 0, 1, 1, 1, 3, 3, 4, 0, 5, 7, 0, 0, 0, 165]
Node 49 [1, 0, 1, 1, 1, 0, 3, 0, 0, 0, 7, 0, 0, 0, 0]

queries
SEQ(A, B, AND(F, SEQ(E, M, J)))
AND(E, SEQ(A, AND(H, B, O)))
SEQ(G, J, A, C)
SEQ(B, K, I, C)
SEQ(D, E, J, M)

muse graph
SELECT SEQ(A, B, C, D, E) FROM AND(B, SEQ(A, E, F)); I ON {1, 2, 4, 6, 7, 8, 9}/n(I)

selectivities
{'JA': 1, 'AJ': 1, 'ML': 0.007885827605877941, 'LM': 0.007885827605877941, 'JE': 1, 'EJ': 1, 'JK': 0.004792723429556063, 'KJ': 0.004792723429556063, 'EN': 1, 'NE': 1, 'GE': 0.007188665831700539, 'EG': 0.007188665831700539, 'DJ': 0.0025598364906304566, 'JD': 0.0025598364906304566, 'DO': 0.007730227434460121, 'OD': 0.007730227434460121, 'ON': 0.0049770710423058554, 'NO': 0.0049770710423058554, 'IJ': 0.006283183303008335, 'JI': 0.006283183303008335, 'OH': 0.00194077050893662, 'HO': 0.00194077050893662, 'OA': 0.008449273480581325, 'AO': 0.008449273480581325, 'BN': 0.001825772233198129, 'NB': 0.001825772233198129, 'EK': 0.0025274053698247203, 'KE': 0.0025274053698247203, 'IC': 1, 'CI': 1, 'BF': 0.0038201448805283674, 'FB': 0.0038201448805283674, 'BC': 0.00676196223749082, 'CB': 0.00676196223749082, 'GN': 1, 'NG': 1, 'FC': 0.008477848640208426, 'CF': 0.008477848640208426, 'DM': 0.0013405690102178004, 'MD': 0.0013405690102178004, 'MH': 1, 'HM': 1, 'BL': 1, 'LB': 1, 'DE': 1, 'ED': 1, 'HF': 0.006840362984936788, 'FH': 0.006840362984936788, 'IK': 1, 'KI': 1, 'JG': 0.0014878598971082343, 'GJ': 0.0014878598971082343, 'BG': 1, 'GB': 1, 'BA': 1, 'AB': 1, 'DC': 1, 'CD': 1, 'IF': 1, 'FI': 1, 'IB': 1, 'BI': 1, 'NK': 1, 'KN': 1, 'FA': 1, 'AF': 1, 'LK': 0.0025890518881301677, 'KL': 0.0025890518881301677, 'BK': 0.007299318412253661, 'KB': 0.007299318412253661, 'OB': 0.005902003180251299, 'BO': 0.005902003180251299, 'JB': 0.005020520606540555, 'BJ': 0.005020520606540555, 'OJ': 0.008816107268409729, 'JO': 0.008816107268409729, 'ME': 0.0061806776674402635, 'EM': 0.0061806776674402635, 'IA': 0.009124752259754279, 'AI': 0.009124752259754279, 'AL': 1, 'LA': 1, 'HN': 1, 'NH': 1, 'FL': 0.004609988640259056, 'LF': 0.004609988640259056, 'DL': 1, 'LD': 1, 'BH': 1, 'HB': 1, 'IE': 0.009430765304932493, 'EI': 0.009430765304932493, 'CA': 0.007266303325835509, 'AC': 0.007266303325835509, 'HE': 0.0036496506172462766, 'EH': 0.0036496506172462766, 'EA': 0.009998718200260258, 'AE': 0.009998718200260258, 'DK': 0.008826554577867962, 'KD': 0.008826554577867962, 'HL': 1, 'LH': 1, 'GA': 1, 'AG': 1, 'IM': 0.009200877194961031, 'MI': 0.009200877194961031, 'JF': 1, 'FJ': 1, 'HC': 0.005042912552716621, 'CH': 0.005042912552716621, 'HK': 0.00761574575744391, 'KH': 0.00761574575744391, 'IG': 0.007261430307082539, 'GI': 0.007261430307082539, 'OE': 1, 'EO': 1, 'CN': 0.0055372580682031295, 'NC': 0.0055372580682031295, 'GC': 0.0036338146797307977, 'CG': 0.0036338146797307977, 'JC': 1, 'CJ': 1, 'MF': 0.001975501546914159, 'FM': 0.001975501546914159, 'DN': 1, 'ND': 1, 'NL': 1, 'LN': 1, 'JL': 0.008699558095495859, 'LJ': 0.008699558095495859, 'IN': 0.002192937170906701, 'NI': 0.002192937170906701, 'IL': 0.0023970987388060062, 'LI': 0.0023970987388060062, 'HG': 0.0051891848277726485, 'GH': 0.0051891848277726485, 'GF': 0.005487770374666671, 'FG': 0.005487770374666671, 'MG': 1, 'GM': 1, 'CL': 1, 'LC': 1, 'MK': 0.006705567310385764, 'KM': 0.006705567310385764, 'OI': 0.008791372005979695, 'IO': 0.008791372005979695, 'OC': 0.006617810357832726, 'CO': 0.006617810357832726, 'OK': 0.004338534525200244, 'KO': 0.004338534525200244, 'MC': 0.003969062667196122, 'CM': 0.003969062667196122, 'MA': 1, 'AM': 1, 'GL': 1, 'LG': 1, 'OM': 1, 'MO': 1, 'FK': 1, 'KF': 1, 'CK': 0.008704114196779895, 'KC': 0.008704114196779895, 'JN': 1, 'NJ': 1, 'OG': 0.0036299558433376972, 'GO': 0.0036299558433376972, 'GK': 0.008062843218312927, 'KG': 0.008062843218312927, 'AK': 1, 'KA': 1, 'MB': 0.0018503867641462314, 'BM': 0.0018503867641462314, 'DI': 1, 'ID': 1, 'OF': 0.007914934285834428, 'FO': 0.007914934285834428, 'FN': 0.009369105732132437, 'NF': 0.009369105732132437, 'EC': 0.005090707904107187, 'CE': 0.005090707904107187, 'JH': 0.002789586229707277, 'HJ': 0.002789586229707277, 'DF': 1, 'FD': 1, 'DA': 1, 'AD': 1, 'DG': 0.004606663087103817, 'GD': 0.004606663087103817, 'NA': 0.006065078583004504, 'AN': 0.006065078583004504, 'BE': 1, 'EB': 1, 'MJ': 0.006075731704315454, 'JM': 0.006075731704315454, 'FE': 0.007298886822608121, 'EF': 0.007298886822608121, 'OL': 1, 'LO': 1, 'IH': 0.007598076856820593, 'HI': 0.007598076856820593, 'EL': 1, 'LE': 1, 'MN': 0.004561232462386074, 'NM': 0.004561232462386074, 'DH': 1, 'HD': 1, 'DB': 0.0015267273126521302, 'BD': 0.0015267273126521302, 'HA': 0.0012561983337066023, 'AH': 0.0012561983337066023}